data file used: i_10_3.dat
-------------------
  ILP formulation
-------------------

 solution: 3
 
x [*,*]
:    1   2   3   4   5   6   7   8   9  10    :=
1    1   0   0   0   0   0   0   0   0   0
2    1   0   0   0   0   0   0   0   0   0
3    0   1   0   0   0   0   0   0   0   0
4    1   0   0   0   0   0   0   0   0   0
5    0   0   0   0   0   0   0   0   1   0
6    0   1   0   0   0   0   0   0   0   0
7    1   0   0   0   0   0   0   0   0   0
8    0   1   0   0   0   0   0   0   0   0
9    0   0   0   0   0   0   0   0   1   0
10   0   0   0   0   0   0   0   0   1   0
;


 time: 0.125
